>> transfer_function_analysis

z =

   0.0000 + 0.4082i
   0.0000 - 0.4082i


p =

  -1.0000 + 0.0000i
  -1.0000 - 0.0000i
  -1.0000 + 0.0000i


H =
 
      s^2 + 3 s + 2
  ----------------------
  s^3 + 3 s^2 + 4 s + 12
 
Continuous-time transfer function.
Model Properties

den =

     1     6    14    16     9     2

 
num/den = 
 
   6 s^5 + 18 s^4 + 25 s^3 + 75 s^2 + 4 s + 12
   -------------------------------------------
     s^5 + 6 s^4 + 14 s^3 + 16 s^2 + 9 s + 2