>> transfer_function_def

z =

    -4
    -2


p =

  -6.4495 + 0.0000i
  -1.5505 + 0.0000i
   0.0000 + 1.4142i
   0.0000 - 1.4142i


z =

    -4
    -2


p =

  -6.4495 + 0.0000i
  -1.5505 + 0.0000i
   0.0000 + 1.4142i
   0.0000 - 1.4142i


k =

     1
