>> mimo_response_2a2

num1 =

     0     1     4
     0     0   -25


den1 =

    1.0000    4.0000   25.0000


num2 =

         0    1.0000    5.0000
         0    1.0000  -25.0000


den2 =

    1.0000    4.0000   25.0000


ans =

  -2.0000 + 4.5826i
  -2.0000 - 4.5826i

>> lab2a_problem2

num1 =

     0     1     4
     0     0   -25


den1 =

    1.0000    4.0000   25.0000


num2 =

         0    1.0000    5.0000
         0    1.0000  -25.0000


den2 =

    1.0000    4.0000   25.0000


ans =

  -2.0000 + 4.5826i
  -2.0000 - 4.5826i

>> lab2a_problem2

num1 =

     0     1     4
     0     0   -25


den1 =

    1.0000    4.0000   25.0000


num2 =

         0    1.0000    5.0000
         0    1.0000  -25.0000


den2 =

    1.0000    4.0000   25.0000


ans =

  -2.0000 + 4.5826i
  -2.0000 - 4.5826i