>> siso_response_2a1

A =

   -1.7500   -3.0000   -2.2500
    1.0000         0         0
         0    1.0000         0


B =

     1
     0
     0


C =

    0.8125    0.2500    0.9375


D =

    0.2500


num_ss =

    0.2500    1.2500    1.0000    1.5000


den_ss =

    1.0000    1.7500    3.0000    2.2500