Gj3 =

   0.7692 - 1.1538i


magGj3 =

    1.3868


phaseGj3 =

  -56.3099