>> controllability observability pole placement

Ob =

     4     5     1
    -6    -7    -1
     6     5    -1

system is not observable

CO =

     0     0     1
     0     1    -6
     1    -6    25

system is controllable

ans =

     3


ans =

     2


ans =

   -1.0000
   -2.0000
   -3.0000

system is controllable and pole placement is possible

P =

  -8.4563 + 0.0000i   0.0000 + 0.0000i   0.0000 + 0.0000i
   0.0000 + 0.0000i  -0.7718 + 0.5919i   0.0000 + 0.0000i
   0.0000 + 0.0000i   0.0000 + 0.0000i  -0.7718 - 0.5919i


P1 =

  -8.4563 + 0.0000i
  -0.7718 + 0.5919i
  -0.7718 - 0.5919i


ans =

    1.0000    9.9999   13.9992    7.9998


K0 =

    1.9998    2.9992    3.9999


Acl0 =

         0    1.0000         0
         0         0    1.0000
   -7.9998  -13.9992   -9.9999


ans =

  -8.4563 + 0.0000i
  -0.7718 + 0.5919i
  -0.7718 - 0.5919i


Kacker1 =

    1.9998    2.9992    3.9999


Acl1 =

         0    1.0000         0
         0         0    1.0000
   -7.9998  -13.9992   -9.9999


ans =

  -8.4563 + 0.0000i
  -0.7718 + 0.5919i
  -0.7718 - 0.5919i


Kacker2 =

    1.9998    2.9992    3.9999


Acl2 =

         0    1.0000         0
         0         0    1.0000
   -7.9998  -13.9992   -9.9999


ans =

  -8.4563 + 0.0000i
  -0.7718 + 0.5919i
  -0.7718 - 0.5919i


ans =

   -1.0000
   -2.0000
   -3.0000


ans =

     3

system is controllable and arbitray pole placement can be done

ja =

    1.0000    6.0000   11.0000    6.0000


t =

    1.0000         0         0
    0.0000    1.0000         0
   -0.0000    0.0000    1.0000


k =

    1.9998    2.9992    3.9999


ans =

  -8.4563 + 0.0000i
  -0.7718 + 0.5919i
  -0.7718 - 0.5919i


ans =

   -1.0000
   -2.0000
   -3.0000


ans =

     3

system is controllable and arbitray pole placement can be done

ja =

    1.0000    6.0000   11.0000    6.0000


invcon =

   11.0000    6.0000    1.0000
    6.0000    1.0000         0
    1.0000         0    0.0000


p1 =

    1.0000         0    0.0000


V =

    1.0000         0    0.0000
   -0.0000    1.0000   -0.0000
    0.0000    0.0000    1.0000


AC =

    0.0000    1.0000    0.0000
         0    0.0000    1.0000
   -6.0000  -11.0000   -6.0000


alpha =

   -6.0000  -11.0000   -6.0000


P =

  -1.0000 + 2.0000i  -1.0000 - 2.0000i  -6.0000 + 0.0000i


lamba =

     1     8    17    30


lambda =

     8    17    30


K1 =

   24.0000    6.0000    2.0000


K =

   24.0000    6.0000    2.0000


ans =

  -1.0000 + 2.0000i
  -1.0000 - 2.0000i
  -6.0000 + 0.0000i


ans =

  -1.0000 + 2.0000i
  -1.0000 - 2.0000i
  -6.0000 + 0.0000i


Kacker =

   24.0000    6.0000    2.0000


Kacker1 =

    24     6     2

>> eig(Acl)

ans =

  -8.4563 + 0.0000i
  -0.7718 + 0.5919i
  -0.7718 - 0.5919i

>> eig(Acl0)

ans =

  -8.4563 + 0.0000i
  -0.7718 + 0.5919i
  -0.7718 - 0.5919i

>> eig(Acl1)

ans =

  -8.4563 + 0.0000i
  -0.7718 + 0.5919i
  -0.7718 - 0.5919i

>> eig(Acl2)

ans =

  -8.4563 + 0.0000i
  -0.7718 + 0.5919i
  -0.7718 - 0.5919i